11.7958 -2.34756
11.0853 1.93015
10.7776 -1.31126
11.3691 -0.644471
9.41647 1.45347
13.5366 0.507458
8.85808 1.48022
12.1654 1.16551
7.37836 2.62061
11.8862 1.40461
10.9516 0.498884
8.93189 1.64696
8.49196 2.21685
9.78405 2.45445
9.48588 -0.43164
8.85899 0.920064
10.1578 2.59515
9.78185 0.390867
8.95658 3.24879
10.2129 -0.395405
10.8204 0.532447
12.5477 -0.372323
9.49063 -0.237021
10.8841 -1.09589
11.3429 1.42026
12.0738 -0.469501
9.90524 0.730892
9.99856 -1.03417
7.11444 3.03787
12.5967 0.586176
11.6312 -0.966577
11.7898 -0.376756
10.7052 0.764287
8.70778 0.541311
13.2404 -0.0800998
11.0294 -0.760503
12.5757 -0.240023
12.6854 -2.69425
14.5983 -0.283076
10.4494 0.796312
12.2508 -2.00946
10.5739 -0.766941
13.2178 -0.63944
10.7489 -0.507383
10.5502 0.134734
10.0029 0.595259
8.67716 1.69273
11.7998 0.587468
12.4222 -0.297002
9.65957 2.73434
12.8636 -2.42426
10.1304 2.83904
11.0909 0.547005
11.0714 -0.0311196
8.8258 1.74172
10.4076 2.11596
10.1079 -0.913192
8.91176 1.90963
10.5085 -1.80505
11.5978 1.3469
7.56663 2.90909
8.45666 2.03882
11.3333 -0.812984
10.9286 -0.36139
9.09873 1.85072
11.9607 -0.398544
13.0265 -1.36261
11.7155 -0.599175
11.0173 1.24624
8.74608 2.31239
10.2939 -0.11942
15.9212 -2.03146
8.13929 2.76128
11.2779 -0.0839633
11.5376 1.17522
9.91902 1.39307
10.3919 1.18253
10.1683 -0.306947
9.7396 2.45212
10.9281 0.0367325
9.66533 0.302059
12.4322 0.613576
13.2126 0.0787014
9.6144 3.14346
10.995 -0.325482
13.9113 -3.74649
9.15851 1.40395
11.1576 0.516517
9.079 1.07582
9.96503 2.59539
9.12768 1.34031
9.62287 -0.151438
10.8324 -0.00620798
13.7498 -3.10865
14.2027 -2.33185
14.6136 -1.96284
9.02734 0.760524
9.88269 -0.587611
12.6332 -1.12926
12.8018 -1.09919
9.09731 1.2086
11.3875 0.861257
12.9219 -0.877962
9.39697 -0.0301992
9.19941 1.82527
10.5754 -1.49528
9.73292 0.851338
7.86655 2.16924
11.2704 1.25582
9.38803 0.357686
12.1408 -0.78988
10.599 -0.449738
10.8926 -1.00075
10.072 2.09315
9.19718 0.2157
9.82559 1.71255
11.8944 0.560019
12.2633 0.582751
15.2042 -0.48522
13.4551 -0.718799
11.1606 -2.12069
7.82762 4.06849
11.8538 -1.01302
10.103 -0.766667
11.6739 0.150377
8.61486 1.94783
12.8144 0.802428
6.88615 3.26866
11.06 -1.10844
11.8669 -0.383389
10.3333 -0.510629
12.371 2.96273
13.7181 1.15121
10.5381 3.03549
13.5731 1.4455
14.1375 1.51693
10.9064 2.95206
12.0435 2.34016
11.8589 2.14587
12.3322 2.58652
9.93866 4.37041
12.7561 2.17177
12.3668 1.62641
8.82837 4.25295
13.7533 1.55443
13.1738 2.08507
10.4526 3.81555
10.7874 3.24377
10.2539 3.2753
12.5267 1.79982
15.081 0.135357
9.68887 3.25673
9.42306 3.4284
9.90687 4.59105
7.32635 4.68164
12.9534 3.56249
10.9185 4.88961
12.4454 9.74354
11.4869 8.48109
11.3589 10.262
9.15449 10.7772
13.8943 10.2023
10.3089 7.8211
10.0735 8.4748
10.5972 11.5332
9.58001 7.18364
9.28254 10.6751
6.5212 7.42879
12.7217 10.5749
12.4021 10.4588
9.99241 9.6611
11.121 8.4455
11.2099 11.4847
12.7127 11.624
6.53131 9.24825
8.11771 9.09367
13.286 8.0974
10.2191 10.1657
10.8266 8.60227
11.5165 9.85531
9.69942 9.56236
8.16903 10.7732
10.179 9.25451
9.09495 6.61754
12.4226 12.2299
13.7967 13.5089
10.5839 10.253
8.45717 10.6407
9.86273 11.203
8.78558 6.36908
11.3199 8.28916
9.22719 10.2892
12.4162 13.0268
10.402 8.85605
9.7351 14.328
10.1145 11.9807
12.4463 9.06225
8.3765 9.48224
6.94754 9.49249
10.8378 10.2192
9.19329 11.7556
8.70646 7.89747
10.6373 12.5112
9.89848 11.646
11.4446 8.166
12.4901 7.3439
9.5061 10.7594
9.1052 10.5169
14.1729 7.14161
11.8023 9.61588
8.56484 10.9257
12.3523 6.37696
7.9028 9.08173
16.7028 11.3589
11.1384 7.22742
7.89456 10.8693
10.7093 9.50479
12.0348 5.98741
8.92957 8.90973
12.7134 12.8592
11.3752 11.1388
8.46402 13.7425
6.83641 8.54696
9.46343 9.97334
12.633 9.72559
10.6906 10.3299
8.07509 9.7056
10.0057 10.9791
10.9241 9.30696
8.25023 8.56504
12.1739 11.0418
8.7906 8.13353
11.1907 10.9506
12.1365 10.5123
10.4229 9.21595
7.53417 7.18743
8.39553 7.9911
10.3944 8.02614
9.03014 8.58279
13.3067 9.965
10.5762 9.00645
10.3504 13.0567
9.85428 11.0818
8.57604 8.5872
9.99609 10.9213
8.90139 12.921
11.7455 7.49012
11.5386 10.2637
11.2769 8.38929
10.2943 10.27
13.4382 8.77768
8.74918 9.67784
10.3784 8.58741
11.4607 8.42992
9.37885 7.61578
12.0032 9.98512
11.5282 11.4595
8.0266 12.2569
9.01588 8.04251
8.86841 8.75967
11.0584 11.393
10.1835 7.61699
9.90201 10.7604
11.853 11.3909
8.67662 10.8684
10.2428 10.6068
11.0021 8.40108
11.235 9.89733
9.336 13.571
11.7275 8.1497
8.36691 7.31628
10.5679 7.91751
9.26132 8.9756
11.4246 8.60898
11.0692 10.5986
9.75679 7.9155
10.937 10.334
6.82371 7.21379
10.5044 11.3444
9.16776 10.4607
10.8287 11.3208
8.16338 9.29921
10.2184 8.30646
10.2308 10.8904
9.54046 14.0261
8.68443 9.61347
11.0875 11.8076
12.4552 12.4311
9.91185 8.35943
15.1861 9.35048
8.60526 9.04205
10.2579 8.97063
10.2763 11.6383
8.52845 10.8047
10.0433 8.90566
11.1187 7.14314
10.9113 11.6067
14.0012 7.2118
13.2952 11.5183
8.02287 10.7111
8.41754 9.31711
12.2152 9.79102
10.2841 10.4977
7.41771 8.3087
6.254 8.27339
5.88257 6.80295
10.342 12.3517
10.7234 6.68882
7.59847 8.19143
6.68833 9.05672
10.1462 10.3754
9.47389 7.44517
11.6497 12.4336
10.1907 9.02386
8.37762 9.8629
7.08602 8.06749
8.998 11.0552
11.1943 10.3176
9.01295 8.65259
9.13298 12.172
8.67291 12.6823
11.3722 9.33004
8.1578 7.14484
13.673 10.2271
6.46028 8.17373
8.92991 13.3195
8.8441 11.1652
7.99194 12.4253
9.43326 11.2891
9.57835 13.299
9.26627 9.12364
10.3556 11.7023
7.79118 11.9497
9.78484 10.7511
8.61664 8.78066
7.12256 8.51976
13.191 11.3626
7.52309 11.0431
9.90783 10.5621
11.2209 11.7377
10.4045 10.0534
8.35083 10.7356
11.8189 8.3248
9.65417 10.316
12.2057 8.49489
13.3787 12.5199
9.83828 9.4311
10.5118 10.148
9.89127 11.0474
9.0202 9.20737
10.3215 12.1823
10.1894 9.61348
9.022 8.09583
13.2511 8.7982
8.18689 10.6024
13.0244 10.3577
11.1224 8.13541
11.92 10.9393
7.96652 10.873
14.0068 11.5287
9.98768 13.438
7.85474 10.8648
10.7001 10.8782
10.0383 7.71143
11.2328 9.619
10.9805 8.98496
11.8132 8.14983
10.7504 11.2916
11.4023 9.83219
10.3094 10.6567
8.79311 9.71932
7.64558 9.75415
10.4872 11.9422
8.75375 7.58698
11.357 9.48912
10.6761 9.71997
9.81114 8.11375
14.4588 9.68787
6.91596 6.8957
11.3476 5.85833
9.61397 7.93544
9.14186 12.8408
6.81022 8.22929
8.08123 9.74728
8.31361 12.2509
8.63342 7.4519
9.06051 9.73406
9.51886 9.15221
7.52136 11.0996
10.0545 9.99982
9.56766 11.6414
9.22846 7.67221
12.2403 5.78334
10.6905 5.38786
